0000000000000000000000000000000000000000000000000000000000000000 8000000000000000000000000000000001010000
0000000000000000000000000000000000000000000000000000000000000000 8000000000000000000000000000000001040000
0000000000000000000000000000000000000000000000000000000000000000 8000000000000000000000000000000001100000
0000000000000000000000000000000000000000000000000000000000000000 8000000000000000000000000000000001010000
0000000000000000000000000000000000000000000000000000000000000000 8000000000000000000000000000000001040000
0000000000000000000000000000000000000000000000000000000000000000 8000000000000000000000000000000001100000
0000000000000000000000000000000000000000000000000000000000000000 8000000000000000000000000000000001010000
0000000000000000000000000000000000000000000000000000000000000000 8000000000000000000000000000000001040000
0000000000000000000000000000000000000000000000000000000000000000 8000000000000000000000000000000001100000
0000000000000000000000000000000000000000000000000000000000000000 8000000000000000000000000000000001010000
0000000000000000000000000000000000000000000000000000000000000000 8000000000000000000000000000000001040000
0000000000000000000000000000000000000000000000000000000000000000 8000000000000000000000000000000001100000
0000000000000000000000000000000000000000000000000000000000000000 8000000000000000000000000000000001010000
0000000000000000000000000000000000000000000000000000000000000000 8000000000000000000000000000000001040000
0000000000000000000000000000000000000000000000000000000000000000 8000000000000000000000000000000001100000
