0000000000000000000000000000000000010000
0000000000000000000000000000000000100000
0000000000000000000000000000000000400000
0000000000000000000000000000000000010000
0000000000000000000000000000000000010000
0000000000000000000000000000000000040000
0000000000000000000000000000000000010000
0000000000000000000000000000000000010000
0000000000000000000000000000000000100000
0000000000000000000000000000000000400000
0000000000000000000000000000000000010000
0000000000000000000000000000000000010000
0000000000000000000000000000000000040000
0000000000000000000000000000000000010000
0000000000000000000000000000000000010000
0000000000000000000000000000000000100000
0000000000000000000000000000000000400000
0000000000000000000000000000000000010000
0000000000000000000000000000000000010000
0000000000000000000000000000000000040000
0000000000000000000000000000000000010000
0000000000000000000000000000000000010000
0000000000000000000000000000000000100000
0000000000000000000000000000000000400000
0000000000000000000000000000000000010000
0000000000000000000000000000000000010000
0000000000000000000000000000000000040000
0000000000000000000000000000000000010000
0000000000000000000000000000000000010000
0000000000000000000000000000000000100000
0000000000000000000000000000000000400000
0000000000000000000000000000000000010000
0000000000000000000000000000000000010000
0000000000000000000000000000000000040000
0000000000000000000000000000000000010000
